1.1872362
0.77988875
0.78514636
0.8339272
0.75706166
0.6946534
0.7602494
0.7704698
0.78575593
0.7796552
0.81688744
0.8320668
0.8226571
0.8062036
0.78897893
0.8045723
0.7949876
0.8021
0.78226835
0.76766706
0.7973376
0.78995
0.7785427
0.7627943
0.7673218
0.77815163
0.78552
0.77929014
0.75658345
0.7754693
0.7796795
0.78521746
0.7935516
0.7901089
0.80100256
0.78113747
0.80127543
0.7913567
0.8134367
0.8107629
0.77548105
0.8025821
0.81283057
0.82868207
0.79620105
0.8133
0.8371455
0.8158579
0.821485
0.82659394
0.8202347
0.8142024
0.8180136
0.8101027
0.81133866
0.8083397
0.80910397
0.8369914
0.80416054
0.812851
0.81224
0.82760847
0.81308794
0.81741333
0.808885
0.81587225
0.8138721
0.8298574
0.8417898
0.82108593
0.8305685
0.8161098
0.82402384
0.8279081
0.83228725
0.82197136
0.8358868
0.81871456
0.8187419
0.8228922
0.8198118
0.83171093
0.83344716
0.82912827
0.81495285
0.82479846
0.8107433
0.8080143
0.8230398
0.82402164
0.81813437
0.8243989
0.817714
0.83403087
0.8142778
0.8190546
0.8147943
0.81713927
0.8279141
0.8132936
0.8180413
0.8163413
0.8403062
0.8172511
0.8132881
0.81484497
0.82566386
0.8378927
0.80858195
0.827134
0.8319408
0.8301855
0.827069
0.82978964
0.8230372
0.81171453
0.80431753
0.8282247
0.8308662
0.83517253
0.82231474
0.8175248
0.8379442
0.8175311
0.818594
0.8339987
0.82182
0.81851655
0.8206626
0.8205321
0.81419367
0.8331531
0.82346237
0.8125923
0.8301095
0.8058454
0.81981665
0.81400454
0.8237126
0.82752615
0.8276086
