1.467546
0.38924035
0.40284494
0.3325431
0.34042284
0.3877146
0.37548348
0.32382226
0.32223454
0.3413241
0.310472
0.31099868
0.31596875
0.31111956
0.29721805
0.31538743
0.30828395
0.3150756
0.31105238
0.32423082
0.30676892
0.32930303
0.3178714
0.31398144
0.2998163
0.32182488
0.30751354
0.3246939
0.32942185
0.32753155
0.3123506
0.31443346
0.3224119
0.30981964
0.31417984
0.32625386
0.3166617
0.30712298
0.29563048
0.3102104
0.30798233
0.31421098
0.31051704
0.29710925
0.29743806
0.3193413
0.29047373
0.29858032
0.28367293
0.28908265
0.29703033
0.295614
0.29786384
0.29426864
0.29891437
0.30961478
0.30179158
0.28795034
0.3023374
0.295549
0.30261177
0.29742113
0.32031798
0.29333308
0.2880834
0.3059198
0.28832033
0.29212457
0.29266387
0.30056366
0.29322472
0.29903525
0.29593045
0.29531246
0.30199873
0.29610544
0.29358232
0.29368386
0.29908696
0.29024452
0.30078444
0.29203546
0.29552728
0.2968014
0.298864
0.2931893
0.29729027
0.293259
0.28708246
0.281014
0.3010118
0.30485997
0.29719496
0.28580567
0.29382953
0.29250035
0.29729557
0.29938376
0.2949008
0.29397476
0.2973703
0.30299243
0.29361862
0.29643297
0.28839624
0.29434642
0.2974439
0.2983591
0.28835607
0.30574214
0.28047776
0.29661387
0.28940204
0.29918286
0.29092386
0.29497975
0.2976487
0.29710397
0.2890099
0.29554337
0.29030025
0.29820204
0.29773635
0.30822527
0.2885527
0.2984503
0.29743266
0.30488846
0.30089563
0.2938933
0.29023224
0.2966816
0.2915453
0.30081156
0.30002332
0.3009917
0.2955823
0.2977521
0.29819307
0.29810297
0.29956305
